23827
15968
5740
30562
16998
23575
4476
20946
30580
31252
24910
16701
30668
19322
15115
31353
26623
22891
24286
27221
14768
26315
31911
22397
21995
16710
20724
23453
16824
9108
3629
30665
28911
3323
26126
18461
15181
12822
18266
6816
10184
27350
9166
28014
544
16838
21076
6167
28343
2195
24954
9282
28834
5579
28194
6550
5632
4069
21115
16602
16010
27010
16688
8794
12396
29426
8415
17293
28500
9466
15308
26614
2504
2260
6103
22856
20668
24952
2731
31437
11620
31258
24121
11272
2375
15860
6501
16026
31893
32069
16638
866
14010
922
9460
13032
21811
25420
3525
13564
